==============================================================================================================================================================================================================================
                CONTROL UNIT                      |           CONTROL WORD            |                                             REGISTERS                                           |       BUSES       | FLG |   I/O   |
-------------------------------------------------------------------------------------------------------------------------------------------------------------------------------------------------------------------------------
  PC STATE    NS PS IL                  IR OPCODE |             RS RW MM MD MB     FS |    R0    R1    R2    R3    R4    R5    R6    R7    R8    R9   R10   R11   R12   R13   R14   R15 | A_Bus B_Bus D_Bus | Z N | WEN IOM | 
==============================================================================================================================================================================================================================
   0   RST   INF 00  0 0000000_000_000_000   MOVA | 0000_0000_0000  0  0 00  0  FMOVA |     0     0     0     0     0     0     0     0     0     0     0     0     0     0     0     0 |     0     0     0 | 1 0 |   1   0 |
   0   INF   EX0 00  1 0000000_000_000_000   MOVA | 0000_0000_0000  0  1 00  0  FMOVA |     0     0     0     0     0     0     0     0     0     0     0     0     0     0     0     0 |     0     0     0 | 1 0 |   1   0 |
   0   EX0   INF 01  0 1001100_000_000_001    LDI | 0000_0000_0001  1  0 00  1  FMOVB |     0     0     0     0     0     0     0     0     0     0     0     0     0     0     0     0 |     0     1     1 | 0 0 |   1   0 |
   1   INF   EX0 00  1 1001100_000_000_001    LDI | 0000_0000_0001  0  1 00  0  FMOVA |     1     0     0     0     0     0     0     0     0     0     0     0     0     0     0     0 |     1     0     1 | 0 0 |   1   0 |
   1   EX0   INF 01  0 1001100_001_000_010    LDI | 0001_0000_0010  1  0 00  1  FMOVB |     1     0     0     0     0     0     0     0     0     0     0     0     0     0     0     0 |     1     2     2 | 0 0 |   1   0 |
   2   INF   EX0 00  1 1001100_001_000_010    LDI | 0001_0000_0010  0  1 00  0  FMOVA |     1     2     0     0     0     0     0     0     0     0     0     0     0     0     0     0 |     1     0     1 | 0 0 |   1   0 |
   2   EX0   INF 01  0 1001100_010_000_011    LDI | 0010_0000_0011  1  0 00  1  FMOVB |     1     2     0     0     0     0     0     0     0     0     0     0     0     0     0     0 |     1     3     3 | 0 0 |   1   0 |
   3   INF   EX0 00  1 1001100_010_000_011    LDI | 0010_0000_0011  0  1 00  0  FMOVA |     1     2     3     0     0     0     0     0     0     0     0     0     0     0     0     0 |     1     0     1 | 0 0 |   1   0 |
   3   EX0   INF 01  0 1001100_011_000_100    LDI | 0011_0000_0100  1  0 00  1  FMOVB |     1     2     3     0     0     0     0     0     0     0     0     0     0     0     0     0 |     1     4     4 | 0 0 |   1   0 |
   4   INF   EX0 00  1 1001100_011_000_100    LDI | 0011_0000_0100  0  1 00  0  FMOVA |     1     2     3     4     0     0     0     0     0     0     0     0     0     0     0     0 |     1     0     1 | 0 0 |   1   0 |
   4   EX0   INF 01  0 1001100_100_000_101    LDI | 0100_0000_0101  1  0 00  1  FMOVB |     1     2     3     4     0     0     0     0     0     0     0     0     0     0     0     0 |     1     5     5 | 0 0 |   1   0 |
   5   INF   EX0 00  1 1001100_100_000_101    LDI | 0100_0000_0101  0  1 00  0  FMOVA |     1     2     3     4     5     0     0     0     0     0     0     0     0     0     0     0 |     1     0     1 | 0 0 |   1   0 |
   5   EX0   INF 01  0 1001100_101_000_110    LDI | 0101_0000_0110  1  0 00  1  FMOVB |     1     2     3     4     5     0     0     0     0     0     0     0     0     0     0     0 |     1     6     6 | 0 0 |   1   0 |
   6   INF   EX0 00  1 1001100_101_000_110    LDI | 0101_0000_0110  0  1 00  0  FMOVA |     1     2     3     4     5     6     0     0     0     0     0     0     0     0     0     0 |     1     0     1 | 0 0 |   1   0 |
   6   EX0   INF 01  0 1001100_110_000_111    LDI | 0110_0000_0111  1  0 00  1  FMOVB |     1     2     3     4     5     6     0     0     0     0     0     0     0     0     0     0 |     1     7     7 | 0 0 |   1   0 |
   7   INF   EX0 00  1 1001100_110_000_111    LDI | 0110_0000_0111  0  1 00  0  FMOVA |     1     2     3     4     5     6     7     0     0     0     0     0     0     0     0     0 |     1     0     1 | 0 0 |   1   0 |
   7   EX0   INF 01  0 1001100_111_000_111    LDI | 0111_0000_0111  1  0 00  1  FMOVB |     1     2     3     4     5     6     7     0     0     0     0     0     0     0     0     0 |     1     7     7 | 0 0 |   1   0 |
   8   INF   EX0 00  1 1001100_111_000_111    LDI | 0111_0000_0111  0  1 00  0  FMOVA |     1     2     3     4     5     6     7     7     0     0     0     0     0     0     0     0 |     1     7     1 | 0 0 |   1   0 |
   8   EX0   XL1 00  0 1111110_000_000_000    XXL | 1000_0001_0001  1  1 00  0   FMUL |     1     2     3     4     5     6     7     7     0     0     0     0     0     0     0     0 |     2     2     4 | 0 0 |   1   0 |
   8   XL1   XL2 00  0 1111110_000_000_000    XXL | 1001_0001_0011  1  1 00  0   FMUL |     1     2     3     4     5     6     7     7     4     0     0     0     0     0     0     0 |     2     4     8 | 0 0 |   1   0 |
   8   XL2   XL3 00  0 1111110_000_000_000    XXL | 0000_0010_1000  1  1 00  0   FMUL |     1     2     3     4     5     6     7     7     4     8     0     0     0     0     0     0 |     3     4    12 | 0 0 |   1   0 |
   8   XL3   XL4 00  0 1111110_000_000_000    XXL | 0000_0000_1001  1  1 00  0   FADD |    12     2     3     4     5     6     7     7     4     8     0     0     0     0     0     0 |    12     8    20 | 0 0 |   1   0 |
   8   XL4   XL5 00  0 1111110_000_000_000    XXL | 0000_0000_0100  1  1 00  0   FADD |    20     2     3     4     5     6     7     7     4     8     0     0     0     0     0     0 |    20     5    25 | 0 0 |   1   0 |
   8   XL5   INF 01  0 1111110_000_000_000    XXL | 0000_0000_0000  1  1 00  0  FMOVA |    25     2     3     4     5     6     7     7     4     8     0     0     0     0     0     0 |    25    25    25 | 0 0 |   1   0 |
   9   INF   EX0 00  1 1111110_000_000_000    XXL | 0000_0000_0000  0  1 00  0  FMOVA |    25     2     3     4     5     6     7     7     4     8     0     0     0     0     0     0 |    25    25    25 | 0 0 |   1   0 |
   9   EX0   HLT 00  0 1111111_000_000_000    HAL | 0000_0000_0000  0  0 00  0  FMOVA |    25     2     3     4     5     6     7     7     4     8     0     0     0     0     0     0 |    25    25    25 | 0 0 |   1   0 |
   9   HLT   HLT 00  0 1111111_000_000_000    HAL | 0000_0000_0000  0  0 00  0  FMOVA |    25     2     3     4     5     6     7     7     4     8     0     0     0     0     0     0 |    25    25    25 | 0 0 |   0   0 |
